episode_rew=-27615.59050000005
episode_rew=-23575.03733333333
episode_rew=-28258.868500000044
episode_rew=-22313.229499999896
